Action,Comedy,Documentary,Drama,Family,Horror,Romance,Thriller
0.0763819567932,0.309377622203,0.000602216811525,0.106979894515,0.0475777217144,0.135297011549,0.159552975718,0.164230600697
0.0703881782392,0.17115804063,0.00612242613002,0.256223652208,0.0460538992025,0.0694015664181,0.222701926238,0.157950310934
0.116295768684,0.0730804758423,0.0019018396795,0.417345339081,0.0217546986024,0.0200883409334,0.274063365431,0.075470171747
0.0972282257172,0.0488788387348,0.00106323866503,0.552998161943,0.0105397433455,0.0202539604801,0.192786548662,0.0762512824523
0.021187277,0.0269543765041,0.762066895062,0.0323431761721,0.102792330996,0.0242348422898,0.0183178910537,0.0121032109226
0.162912683473,0.211918437598,0.110853221242,0.112362258355,0.0533579074142,0.164579740367,0.0786643380534,0.105351413498
0.15811359388,0.0615400172575,0.00118880505061,0.40759625683,0.0373131707762,0.0560525871267,0.160398608197,0.117796960882
0.231430271665,0.235445309543,0.0171260716188,0.098421766388,0.0297700488725,0.0558151288274,0.269122496636,0.0628689064488
0.0793862192082,0.296069317782,0.000170579975178,0.0603086448243,0.248642873133,0.0957939555892,0.120421854827,0.0992065546616
0.331323997575,0.128160597785,0.0104716341706,0.128379421876,0.0412387879375,0.0465647514249,0.232257822905,0.081602986327
0.0917248445071,0.215306355152,0.0934525300235,0.0909951863487,0.394709100605,0.0625204690666,0.0313186759318,0.0199728383649
0.421144690408,0.00946531761684,0.0,0.334995625233,0.00523923346515,0.0114516235579,0.0648181869239,0.152885322796
0.155492738313,0.0650616869116,0.00163817327747,0.248920316522,0.029086033282,0.0873547949766,0.269087612586,0.143358644131
0.117436414341,0.186896610335,0.00012854982204,0.0674640418347,0.0819081637414,0.321244995134,0.0518794982968,0.173041726495
0.1547950691,0.228492831807,0.000233148544021,0.062892699926,0.0840460344953,0.269053173897,0.0583704294683,0.142116612763
0.148646377588,0.188771075252,9.83652021665e-05,0.0835145100823,0.0675638181539,0.260477894118,0.0472662016189,0.203661757984
0.276859777711,0.0677252561401,5.21240105514e-05,0.0760697120356,0.0245370871385,0.233649326056,0.100291096613,0.220815620295
0.0284884891249,0.0292715541056,0.850898989843,0.0247595508165,0.0293479101788,0.00972258789363,0.0167812237671,0.0107296942702
0.30687929868,0.129773738922,0.00188714020962,0.177622443314,0.0542177281005,0.017096163128,0.124055811299,0.188467676347
0.0964588593454,0.207404583714,0.0088557491607,0.169876269156,0.161907058205,0.0688339043009,0.174200515853,0.112463060265
0.312845586666,0.184096380865,0.0,0.0568497819269,0.13663191898,0.104367099162,0.0659640737929,0.139245158607
0.020879482423,0.117425958091,0.0612252379633,0.0501446876428,0.741636065743,0.00203110617386,0.00629036015671,0.000367101805888
0.0968214146919,0.340174831772,0.000466473436779,0.106976233915,0.0289053687419,0.0484037681261,0.179021335253,0.199230574063
0.0724435678438,0.156162952343,0.000792146779052,0.118532439363,0.0846338180262,0.232454598197,0.138381811814,0.196598665635
0.124496455909,0.138322852701,0.151870463072,0.20661205446,0.035970207783,0.077344539359,0.178337888808,0.0870455379076
0.0612314536469,0.0895991352035,0.0116548905437,0.228776715441,0.04652361048,0.202820357399,0.190477731069,0.168916106217
0.149428871921,0.0503563795903,0.0164839072312,0.0598922230342,0.599718643179,0.0174801107187,0.0808988899864,0.0257409743395
0.109698959835,0.0669226127953,0.000559345061026,0.090414762946,0.0901142034723,0.281305528643,0.091226022361,0.269758564887
0.122112795413,0.276635003269,3.01846198738e-05,0.0996104583662,0.0931819370421,0.18572012796,0.0809093361811,0.141800157149
0.118214513669,0.083655671891,0.000730317133461,0.292114052421,0.0221044052159,0.0374105829819,0.282765938994,0.163004517694
0.0789077817305,0.138962899403,0.000650390277309,0.213112646331,0.0481833348364,0.0731788210117,0.250803220147,0.196200906263
0.17982257075,0.0580918413555,0.00082402989171,0.309883479712,0.0110071896752,0.0290666666087,0.308810237986,0.102493984021
0.193223970739,0.130765581777,0.048367625055,0.163577810543,0.0520529235658,0.196350911374,0.1328022955,0.0828588814455
0.0811300298828,0.29821818081,0.00105667168015,0.140836182868,0.0868605995067,0.08989509027,0.170828510515,0.131174734467
0.0609537240823,0.0867874849781,0.00754812806905,0.446378565419,0.0175484462128,0.0266859709438,0.269349498092,0.0847481822037
0.190159755979,0.161078120727,0.0370344598079,0.0902515857886,0.0494412464434,0.291343533855,0.0614558806305,0.119235416768
0.0541158345529,0.0896144490873,0.000989933222116,0.0870612942095,0.0684321835955,0.476307141266,0.0750262540414,0.148452910025
0.536513103467,0.00231408072977,0.0,0.243356260796,0.00027964601376,0.000325779978697,0.0540697800611,0.163141348954
0.107430329938,0.124534284086,0.000586620632903,0.156065912515,0.0387652983459,0.0858029911039,0.194564788849,0.29224977453
0.0978491589629,0.106951928599,0.00306019585749,0.137378572376,0.0761229112525,0.236756116219,0.140162809291,0.201718307442
0.0899615810293,0.298493479296,0.000490915407573,0.111297186298,0.0939226509468,0.0714408830305,0.169088928038,0.165304375954
0.089213528403,0.0905639952901,0.00938059871815,0.10024863383,0.213898527707,0.290831145614,0.122080854573,0.0837827158644
0.0755284086795,0.147562717431,0.00914434893196,0.0163026746385,0.689969358725,0.0282107104594,0.0225094908293,0.0107722903054
0.0738734229274,0.284111261858,0.000475518601999,0.123263665003,0.109666861407,0.0999636751107,0.17072810737,0.137917487721
0.206617907045,0.126913025216,0.000280414731209,0.387498964358,0.0129773435158,0.0551798407631,0.0807394843957,0.129793019975
0.490300494299,0.0761387401741,0.0,0.0900855836485,0.0508719435869,0.0279754158534,0.0713544369037,0.193273385535
0.0912534321846,0.254552961584,0.000124294830583,0.045885292065,0.334611910618,0.0906968638666,0.10423758595,0.0786376589
0.244025189026,0.230041663017,0.0,0.0835714453465,0.0565986118155,0.134022685657,0.0670341533942,0.184706251744
0.0784093894803,0.185897870925,0.000576225558801,0.191403341645,0.0574971731,0.0748860943653,0.245320607916,0.16600929701
0.213758948814,0.0648802241302,0.00526355269946,0.0450203836624,0.512947634777,0.0905547674263,0.0184159375416,0.0491585509494
0.329456892814,0.0954111129422,0.000221665214665,0.073190628536,0.0138412932868,0.288334077229,0.046262900884,0.153281429093
0.15990329469,0.250302441395,0.0,0.155239178687,0.0752901218399,0.087611887926,0.119088603309,0.152564472152
0.0737255994559,0.201415366416,0.000751600127984,0.197472202923,0.0625204505812,0.0580778576464,0.234538018591,0.171498904259
0.0966661128952,0.176278723891,0.275587478791,0.153539076626,0.0470293440604,0.0700449197623,0.0885897876915,0.0922645562825
0.18524701234,0.0897112307017,6.50600743217e-05,0.0983236382437,0.103840017064,0.233755260262,0.100803007161,0.188254774153
0.23712161817,0.140993353073,0.0176363210523,0.0649273434952,0.19100821425,0.200090673518,0.0440695506503,0.104152925791
0.185312963721,0.242539159761,0.000218382167369,0.0886849241858,0.118018362288,0.0479406818103,0.150057781218,0.167227744849
0.140461684523,0.239651144499,0.0210235191382,0.141556980295,0.0292699477692,0.226244651066,0.0768871455526,0.124904927158
0.0928330298602,0.127435455479,0.000749988638304,0.0617165065614,0.205934218747,0.344141357638,0.094428566752,0.0727608763251
0.064231211392,0.206143767714,0.0012981371408,0.198854472872,0.0604834678184,0.0808355046026,0.238968862619,0.149184575841
0.232237524563,0.171295952999,0.00313314190279,0.138744375472,0.0485050151277,0.172946410179,0.117230127167,0.115907452589
0.0970664634095,0.0490208211849,0.000758399866075,0.158463984217,0.0203031462862,0.145128199074,0.1201165963,0.409142389663
0.197207346074,0.122223689232,0.00242341661948,0.0795709547864,0.096191532538,0.265906802172,0.0761492142765,0.160327044302
0.0239989789021,0.0383653578133,0.773738353753,0.0628597006079,0.0359818722415,0.0245757703807,0.0292234833134,0.011256482988
0.131008767215,0.102160527603,0.000351391718615,0.103033988255,0.0366466212703,0.238227506695,0.0521939081996,0.336377289044
0.313675555246,0.192143971584,0.000178312786919,0.0766283646353,0.0341080639569,0.19671988324,0.0470939416987,0.139451906852
0.390875075573,0.149811361599,0.0150445483942,0.118996235592,0.0554113263837,0.0702984013381,0.133032610272,0.0665304408473
0.221941898206,0.301716898605,0.000240466590441,0.0599731252925,0.085896626005,0.138664993246,0.069221946986,0.122344045069
0.0768842581159,0.0917494641632,0.00578624734169,0.203130145883,0.0401646775335,0.172061524455,0.219411805893,0.190811876615
0.219855203397,0.251268505263,0.0,0.0422270871706,0.209948533612,0.113551500473,0.0624924421472,0.100656727937
0.116219103964,0.0834090505756,0.0133331661702,0.260175758627,0.141063363056,0.0945049162261,0.155391903464,0.135902737917
0.255275636996,0.13863436613,0.00501805286897,0.1168490639,0.0904552309495,0.185363860759,0.114797209256,0.0936065791407
0.137053285993,0.124803759154,0.00905810757525,0.12718778618,0.114642444611,0.238186408315,0.121508483741,0.127559724431
0.104895082043,0.226866917889,0.000200471686578,0.127643424667,0.033683600557,0.0616554580651,0.229884630266,0.215170414828
0.0752339127162,0.220935848544,0.00127465712977,0.159619841664,0.0698168556702,0.160404820932,0.154425944999,0.158288118345
0.0834155046674,0.215429655559,0.000219746195234,0.170924419029,0.0667910965718,0.0539356838877,0.226465603079,0.182818291012
0.113243715131,0.181042509865,0.0986127267526,0.237856861333,0.0606139596788,0.0611275263101,0.135260841294,0.112241859635
0.0836425533644,0.0818549402721,0.30551648743,0.164444233389,0.0593415390548,0.0788995865413,0.108430751449,0.117869908499
0.142340456924,0.10245420993,0.03738613569,0.246292703216,0.0205145295364,0.140499441102,0.230599656883,0.0799128667186
0.0158510597496,0.334297667465,0.0368430445122,0.0387122709902,0.551408204857,0.00592611183051,0.00628535356671,0.0106762870287
0.0982205431094,0.159309178276,0.000399910979307,0.166624491614,0.0504364612996,0.0668319370736,0.226450605591,0.231726872058
0.188903839,0.101819963093,0.000848625275515,0.263263209688,0.021653854522,0.0517900747168,0.253318546474,0.118401887231
0.109111968534,0.0871159409867,0.00210859020303,0.121043505555,0.096868591285,0.233383636729,0.0981997119723,0.252168054736
0.304489556958,0.196969033615,0.012487260719,0.128382466441,0.0727336304517,0.0726159799683,0.125449905915,0.0868721659325
0.0972157133232,0.171262809595,0.000395693376642,0.131040818009,0.0901686811587,0.114309855135,0.176659787866,0.218946641536
0.101270435459,0.213439943667,0.000566809067731,0.128442480331,0.0360746924946,0.0712842955266,0.217210767316,0.231710576138
0.127566570287,0.192130278643,0.000116402866029,0.0752483259152,0.203728445661,0.0663090825595,0.11917483991,0.215726054158
0.112107799324,0.10029434034,0.00395653567902,0.427574585904,0.0186658667264,0.0753491230545,0.150641309089,0.111410439882
0.0657657066728,0.239088124074,0.000404333546382,0.157807731858,0.0790600167012,0.114121508103,0.183481267682,0.160271311362
0.226737711269,0.0519425332623,0.0036308955455,0.258127871706,0.0163122732905,0.0584400246244,0.257028555814,0.127780134489
0.0530414816617,0.189144256015,0.266273762376,0.243370613017,0.094073976404,0.0653224183705,0.0586001593916,0.0301733327634
0.130916543587,0.0963063044837,4.6114482467e-05,0.162380014568,0.0180709871833,0.0574993268287,0.149090508137,0.38569020073
0.349998977532,0.0770966798993,7.37374152783e-05,0.138693046622,0.0171629783767,0.00731827357182,0.0584078596781,0.351248446905
0.119638653659,0.0533085992671,0.00173899393857,0.467205488113,0.0126345847292,0.0220077318122,0.225818695539,0.0976472529417
0.1053434975,0.197203486256,0.000173671816329,0.244992056688,0.0498814264466,0.0550975831584,0.220296786064,0.127011492071
0.208273122865,0.0905259613379,0.000272042618592,0.241096759808,0.0245762105329,0.0304687900371,0.333671532388,0.0711155804124
0.088951456397,0.266940999745,0.000124294830583,0.0662862213126,0.270222310371,0.0853092475396,0.12624261076,0.0959228590437
0.192569889425,0.13046499471,0.00466291666612,0.131857107785,0.0475127995161,0.210432210029,0.0668979631309,0.215602118738
0.072695000721,0.147776256528,0.0133453761562,0.203114687083,0.0300608699344,0.252352159686,0.156981233998,0.123674415893
0.144328932466,0.255821399153,0.0,0.0591372404183,0.166011362209,0.176458865768,0.0776818583215,0.120560341663
0.0702166427382,0.127164952115,0.00431112005444,0.262854178763,0.036545619534,0.077737009206,0.25331722181,0.167853255779
0.0880747335732,0.0473511843663,0.000123300012498,0.0441765407768,0.0196507064566,0.603755898983,0.0295821606725,0.167285475159
0.112136376184,0.227948223481,0.00396803624367,0.162350892799,0.0688025673887,0.109805315334,0.174638191372,0.140350397198
0.0735408986347,0.229582780449,0.000488144866337,0.162365199585,0.0891668495037,0.0751102920129,0.205282503621,0.164463331328
0.0915149267924,0.0810301292185,0.0165469291978,0.26477231493,0.0221572101332,0.119364463534,0.224325271441,0.180288754754
0.167874548038,0.26586911702,0.119709611927,0.0979444594381,0.222760166418,0.0266299839641,0.0496048820927,0.0496072311024
0.0966079429013,0.0677741810626,0.006893645283,0.281156163234,0.0562467518064,0.0853006845546,0.206131703656,0.199888927502
0.0493459710741,0.20068150048,0.0131702947566,0.27853628794,0.0459976844676,0.0877544258486,0.239157832655,0.0853560027782
0.118859966643,0.201209217805,3.58965227595e-05,0.17137576764,0.0693194375282,0.0654050478762,0.241734514155,0.13206015183
0.180459879957,0.0962876779081,0.000264112016211,0.459388222745,0.00956570539996,0.0450033351209,0.101869152372,0.10716191448
0.0890979770935,0.113584666336,0.000206966576063,0.289475907655,0.0179933311583,0.0540974909818,0.283552509129,0.15199115107
0.111944947369,0.148607935001,0.0033076873251,0.177847239511,0.113210821107,0.112178459922,0.219971640576,0.112931269189
0.248514246609,0.139476081793,0.0,0.164425732149,0.0322038765866,0.144049520346,0.0714916188985,0.199838923617
0.0859047981348,0.156408007101,0.000389237248266,0.112955995141,0.128699412084,0.208960593767,0.138678421079,0.168003535445
0.156737379059,0.170475971443,0.0257359442481,0.165635256923,0.0749437713297,0.0725491182263,0.276901987118,0.0570205716529
0.0864498755383,0.0930763052485,0.131129762639,0.155143537072,0.172354558179,0.137009470977,0.186822598178,0.0380138921682
0.18223833221,0.0562823351316,0.0832829386248,0.175463034291,0.289923586725,0.0378922945046,0.141404417389,0.0335130611244
0.17182402777,0.17471166776,0.000291972778607,0.0884403451733,0.0863842945861,0.196771334748,0.0906802872109,0.190896069973
0.201884057235,0.113601317569,0.0118933847671,0.180075318863,0.0405490181584,0.202527864233,0.148757978853,0.100711060321
0.0635330438394,0.0692021574799,0.00495698577155,0.523808731437,0.0164629780832,0.0143394997398,0.24020543665,0.0674911669988
0.132963314849,0.130142008763,0.0637667892892,0.168274878294,0.134695082493,0.163712995089,0.0909167044186,0.115528226804
0.102849532288,0.154807783315,0.187391370147,0.196679088676,0.100064266664,0.0751223772941,0.111829808191,0.0712557734257
0.10536136084,0.155681958115,0.00349829937051,0.2572766682,0.029129892615,0.0624884038239,0.262063228424,0.124500188612
0.102866356126,0.118253328974,0.000275113705838,0.273889447007,0.0380577790664,0.0474325914503,0.277107161504,0.142118222167
0.0792713135064,0.20141021883,0.000323478519722,0.186333198859,0.0509076698284,0.0556678744934,0.249946505656,0.176139740307
0.0691249872749,0.304607467307,0.0102974096311,0.174795046735,0.0379153089267,0.0811546322259,0.184401585123,0.137703562777
0.0881870416719,0.189234806376,0.000380145008587,0.118959432135,0.0570546028558,0.101209825563,0.189832183135,0.255141963254
0.239577649415,0.259662476936,6.24284500095e-05,0.110653052756,0.0219291770741,0.0332596958131,0.107608418156,0.227247101399
0.176897864614,0.0967420875149,0.000315446302502,0.19327893112,0.0141915999905,0.0642940643988,0.179765704287,0.274514301772
0.0527189770696,0.0791471730438,0.01821040569,0.435976025474,0.0256067656466,0.0337514325362,0.253639758155,0.100949462386
0.0873038241273,0.102554121622,0.00113252933189,0.290431341215,0.0264224735501,0.0476105597383,0.299014854128,0.145530296287
0.0757195855725,0.105196479095,0.0133265371712,0.179692463176,0.0414353196277,0.200301461233,0.183040455951,0.201287698173
0.0973732239743,0.0419364236642,0.0,0.0623683162931,0.0270716926782,0.546127756284,0.0329809703536,0.192141616753
0.0801643532431,0.2948814037,0.000267884584357,0.103030902828,0.12252139569,0.15114641298,0.115520994218,0.132466652757
0.0980835015882,0.173819042472,0.000586376645459,0.186355287827,0.042192923892,0.0769174185092,0.230342326036,0.19170312303
0.14636278551,0.160785679602,0.000212380193226,0.0880984572976,0.0888944795427,0.269648233075,0.055193476795,0.190804507985
0.097293189478,0.136732384612,0.00461796902175,0.275735509403,0.0360456220617,0.0722733344057,0.213406707797,0.163895283221
0.106928172659,0.120030899244,0.00237010306362,0.302754864907,0.0562584105356,0.0290160843752,0.206528194936,0.176113270279
0.0760767027679,0.311678424424,0.000307046624194,0.0978317680802,0.0760200893498,0.0895388452849,0.161755257146,0.186791866323
0.248284552667,0.22351693868,3.01846198738e-05,0.035891978648,0.205852953277,0.0654892457363,0.0898254467459,0.131108699627
0.112105473565,0.173661912859,0.00415537433368,0.124896977335,0.012644403156,0.191965058194,0.0835851933976,0.29698560716
0.185586887661,0.0691494229147,0.0,0.100292735509,0.0661178996645,0.339231600395,0.0678654959301,0.171755957926
0.14652661365,0.152535429653,3.76526607584e-05,0.0702009289775,0.168622405638,0.222070636541,0.0953985977296,0.14460773515
0.0987639886433,0.0626970374352,0.00493202735262,0.32780196381,0.0149726627901,0.0494866756074,0.293305259908,0.148040384453
0.0961572293618,0.273573025402,0.000711763497574,0.135218569492,0.081251190898,0.0792669902126,0.172042837154,0.161778393982
0.097726975721,0.26727037651,0.000230865693955,0.0882814844879,0.0933047368107,0.168979053556,0.110978844895,0.173227662326
0.0943812263944,0.197106651011,0.00166076383242,0.177766586259,0.0506190604028,0.0826578762649,0.218879814979,0.176928020858
0.0934272333361,0.165009210782,0.00523710484983,0.180952850089,0.0900032565961,0.118562245029,0.179892440038,0.16691565928
0.0848001927101,0.134899717783,0.00636465003541,0.180891485924,0.101615078425,0.179080111714,0.16102029865,0.151328464758
0.107238350953,0.0175289969389,0.0443555486354,0.0886317644562,0.612373846718,0.010653763661,0.0858628464999,0.0333548821382
0.0643547163823,0.0184647759163,0.0137301071038,0.0231212373308,0.819223421503,0.0034745716293,0.0487704485486,0.00886072158607
0.136423163282,0.0591747733615,0.000123300012498,0.0616955669896,0.0229166626615,0.490464713499,0.0291088935565,0.200092926638
0.337528895755,0.177155428059,0.000111286726519,0.0505069371892,0.0559368586789,0.201156838237,0.0443907408003,0.133213014553
0.111942334982,0.0547050621704,0.000123300012498,0.0825593122622,0.0269908100973,0.420863195365,0.0461564545769,0.256659530533
0.0902190387154,0.0984748390015,0.00468582609838,0.177830997031,0.0848580451053,0.162004883792,0.195892399223,0.186033971034
0.17304804327,0.229187417085,0.000886153411048,0.199957218708,0.0338827818328,0.0659933589237,0.159265697901,0.137779328869
0.146987138037,0.219064900056,8.8479508283e-05,0.111168765899,0.0730116939438,0.156231728404,0.122247815017,0.171199479136
0.12052469737,0.0900873331447,0.00316056218838,0.356484214984,0.0200326589927,0.0489152915978,0.230166584506,0.130628657217
0.0837709427178,0.108330684634,0.00380674279729,0.371747603872,0.0258457154123,0.0246230198874,0.274242681437,0.107632609242
0.105488393701,0.0772542702611,0.00540035821584,0.304214779402,0.0199991963288,0.138097272836,0.215303147461,0.134242581794
0.112331328276,0.194065241787,0.00178764992255,0.180058929592,0.0625572596831,0.141397856158,0.172351817474,0.135449917107
0.0084653176447,0.0272860972574,0.784130086845,0.0692622032426,0.0355053891983,0.0387490453806,0.0291149454207,0.00748691501039
0.0654947954946,0.132124320215,0.0160267354171,0.199263009018,0.0476298030386,0.174364766415,0.199584622553,0.165511947849
0.168916785821,0.144779373182,0.0169003018701,0.274214132325,0.0278102445884,0.0605183874923,0.221408607238,0.0854521674823
0.0968379362287,0.256475459199,0.00330315718262,0.261871535943,0.086987181924,0.053169936704,0.157567053799,0.0837877390203
0.128004081345,0.196118480301,0.0075251912221,0.10081928955,0.156537637014,0.226262352638,0.0728648173582,0.111868150571
0.0809624270147,0.145823147388,0.00312459037914,0.256401801216,0.055201606207,0.0475471602455,0.278794049817,0.132145217733
0.145438229357,0.0714272888257,0.000238820424409,0.0733333379875,0.0219049785182,0.365747014602,0.030190752842,0.291719577443
0.0329335635238,0.184528676222,0.450217928508,0.114580439651,0.0360149861359,0.0595705456257,0.0714230106184,0.0507308497143
0.100915258336,0.115420088081,0.00361699015863,0.133602398985,0.11477306318,0.217719211887,0.149386053718,0.164566935656
0.10925026265,0.190398229303,0.000937496338035,0.197070883794,0.0347974517092,0.0671519474525,0.222387948137,0.178005780616
0.15778587578,0.112968675885,0.0181285223348,0.201583235825,0.0385218156823,0.198147146414,0.169631728986,0.103232999093
0.0664788637578,0.210222925784,0.00145730142077,0.137005073936,0.0654060270121,0.211879160841,0.143709430753,0.163841216496
0.202140713335,0.0213704502743,0.000193139349224,0.525378703088,0.00672626185139,0.00313965686827,0.131085196421,0.109965878814
0.117520903854,0.0551911728937,0.000123300012498,0.0589176533777,0.038167249873,0.504521281152,0.0347185622843,0.190839876553
0.136251320095,0.0918133769619,0.00144551987055,0.141219536426,0.133123815547,0.18089050182,0.13597781894,0.17927811034
0.0887761151997,0.293744290163,0.000660742060701,0.100646707008,0.0841348443295,0.141444887066,0.129233511641,0.161358902532
0.274234825112,0.0953888429736,5.3420203919e-05,0.184445134923,0.0422815863617,0.0443903195737,0.15701959895,0.202186271902
0.730694751576,0.0229059500447,0.0,0.0589295250107,0.00426322967107,0.000512388659021,0.0198096788903,0.162884476148
0.186602449498,0.031257824355,0.00418707214609,0.0470081542195,0.643295954954,0.0362096647645,0.0229523814376,0.0284864986256
0.123224381224,0.228176565901,0.000864943369026,0.0957242798749,0.0680284518296,0.210799170152,0.0843844345614,0.188797773088
0.115555454771,0.231001460626,0.00181156381468,0.11741020738,0.0806339540855,0.110701523397,0.171842343822,0.171043492104
0.0845757212861,0.0583663391423,0.00123395671451,0.0982397002653,0.0290325031433,0.404223526078,0.0685804470433,0.255747806327
0.15808780765,0.109502066993,0.00303262373627,0.262330722975,0.0563670222149,0.0803759476347,0.172464388676,0.157839420119
0.0673531570936,0.139011481669,0.00120733620359,0.279729581056,0.0384165342522,0.0450178523648,0.295072786412,0.134191270949
0.0785840093335,0.239908147016,0.00152565147234,0.169513508188,0.0510729610838,0.0847909562262,0.208598323419,0.166006443262
0.156172943883,0.11190610851,0.00158043431543,0.165650322983,0.0364022011723,0.169158662129,0.188182448125,0.170946878882
0.231856715442,0.0977108423221,0.000334547251382,0.251962169067,0.0231270925645,0.0248491325687,0.185766815791,0.184392684993
0.0649615231253,0.0909981398997,0.00361120032247,0.110446405083,0.0382334661559,0.397429025745,0.0958091408293,0.198511098839
0.154201347597,0.186323418318,7.95776288114e-05,0.167930983918,0.053107518767,0.103881525582,0.162438165897,0.172037462293
0.101662493893,0.273356216959,0.00105310401041,0.113518903259,0.0611054878485,0.131829838906,0.132861662508,0.184612292617
0.140471984204,0.0748529619871,0.000123300012498,0.0513039084967,0.0405623291136,0.45497865813,0.0287448440803,0.208962013977
0.124963026127,0.166368226099,0.0406025765046,0.18911183592,0.0760482415198,0.101913640915,0.235863708907,0.065128744008
0.113952874386,0.0822399851265,0.00659533431822,0.321610408407,0.0177338794104,0.0982476079145,0.2464533739,0.113166536537
0.0860854944912,0.0953631281954,0.0214692765906,0.20201448473,0.0771177877911,0.145257704906,0.214816337635,0.157875785661
0.0793449298087,0.219064615454,0.000269457262977,0.139431862607,0.154471308706,0.0895113479373,0.175959446135,0.141947032089
0.0440132208755,0.0588505277377,0.230097895903,0.189277561343,0.139219895703,0.0581961118772,0.0929530969078,0.187391689652
0.164523772614,0.0843579086702,0.00452268926758,0.147317019618,0.0575693556469,0.306358099719,0.143881616656,0.0914695378086
0.210588669936,0.103757083322,0.00333361802082,0.237664649169,0.0293698658141,0.0522518140321,0.25939569352,0.103638606185
0.0613940529099,0.283998249154,0.00204368530459,0.170484170602,0.0616211863158,0.0976282880331,0.181046506784,0.141783860897
0.186808022796,0.165713724259,0.00646043062978,0.204680077135,0.068564888716,0.110863521405,0.157045485605,0.0998638494555
0.250398956207,0.198072883611,0.0133353008145,0.149621957217,0.0938093854678,0.131227626916,0.0915440532086,0.0719898365569
0.0694233937232,0.22699685931,0.118770815536,0.19810099493,0.0774413117891,0.129543591704,0.0769587118855,0.102764321122
0.148088322049,0.0551994663055,0.00272809079818,0.25987740024,0.0277923362526,0.0272087045398,0.382792179839,0.0963134999757
0.148066809138,0.0438777717701,0.0610676871485,0.395751504128,0.0141524325782,0.0339312580872,0.224743416786,0.0784091203633
0.0738312269322,0.360201298963,0.00688210861429,0.169191077995,0.0392054461566,0.0614319995997,0.173561301146,0.115695540593
0.0900381105643,0.194751511516,0.00141379408067,0.245020901539,0.0499910743103,0.0497551785013,0.241521965463,0.127507464026
0.0164119492891,0.00733819151624,0.877712115831,0.0529401196784,0.0121314509451,0.00189296068319,0.0200480828036,0.0115251292533
0.112824965479,0.1856949709,0.0479893825126,0.171667757724,0.0667718781715,0.118304778253,0.174989512231,0.121756754728
0.145944338652,0.113317851836,0.030451376028,0.31945121387,0.0292135015849,0.0506444383567,0.219199134902,0.091778144771
0.071346494551,0.287799631637,0.0026766343341,0.20313193657,0.0813291158283,0.0590774987534,0.190982624457,0.103656063869
0.0671534348685,0.193463787642,0.001598640401,0.238102215603,0.0500434128386,0.0542216067598,0.251575151388,0.143841750499
0.0662004887284,0.354054419396,0.000507395606234,0.130364990104,0.069798687824,0.0814315864174,0.161886334163,0.13575609776
0.0697275789962,0.153764248317,0.00439090262336,0.285179110208,0.0392401434387,0.0426931111825,0.28196810994,0.123036795294
0.0588560009522,0.143284484723,0.0193811109103,0.202048607032,0.0536881493585,0.175192141302,0.180235326053,0.167314179669
0.166570334045,0.0774347171599,0.0135637681888,0.084087417296,0.35093724762,0.153881246655,0.0643905902497,0.0891346787863
0.114830983941,0.0430857048863,0.000123300012498,0.0513905813565,0.0200706585234,0.553342148355,0.0285914937152,0.18856512921
0.103591844521,0.375858452362,8.05063432696e-05,0.0688225555589,0.117000372634,0.12162247995,0.105915274787,0.107108513843
0.22295786996,0.236100887923,0.0485710791883,0.101672808481,0.337579563082,0.0220100977827,0.0186158884158,0.0124918051684
0.194138068328,0.0642809240062,0.0052706340443,0.289875022188,0.010196244473,0.0318199536144,0.324781947248,0.0796372060984
0.121398689963,0.0966539771169,0.00272942156547,0.103009708687,0.0847816107752,0.312783302036,0.0553505116832,0.223292778174
0.0729573297285,0.310404928945,0.000329403204496,0.119131128957,0.0762596884641,0.0744487945153,0.182839642397,0.163629083788
0.147885476544,0.116696491212,0.00179981754086,0.0933537779059,0.0670843413341,0.301729488197,0.0634596964621,0.207990910804
0.201451056203,0.121599265443,9.83652021665e-05,0.0671536764889,0.178376136683,0.229253717307,0.0558594203779,0.146208362296
0.0930828264191,0.292986922131,0.00158949380587,0.178177332556,0.0794894821425,0.0707124044707,0.163523914071,0.120437624404
0.0932476246219,0.048398736551,0.00114137405954,0.541128599559,0.01189789621,0.0206298824824,0.210752885982,0.0728030005342
0.0962533968354,0.0877897046091,0.245242101925,0.255150158333,0.0467989432153,0.0839706190434,0.146193573495,0.0386015025442
0.210964612293,0.0730164890325,0.0422730736013,0.252483883475,0.0370472708918,0.0638710282908,0.23553492666,0.0848087157558
0.090294513342,0.109647883347,0.103856526142,0.214571901818,0.107938200394,0.16137068339,0.130520348122,0.0817999434458
0.209075943812,0.138657817392,0.00132582384289,0.142376190829,0.128458215463,0.0491048899365,0.221529547582,0.109471571142
0.0740650412787,0.127905039211,0.000440998684747,0.27343073163,0.0338090827078,0.054931953753,0.288785973016,0.146631179719
0.0874526956496,0.290098705685,5.31332717013e-05,0.0500992266381,0.268023851848,0.0991034376488,0.0969591394129,0.108209809847
0.148888722243,0.100753579813,0.139959019929,0.154835124019,0.365584829718,0.0256079206851,0.0497872801215,0.014583523471
0.0870050538864,0.0953547952527,0.00101056826303,0.347775442927,0.025081837345,0.0345354952011,0.279118045255,0.13011876187
0.207857644356,0.138221120577,0.00131393253948,0.172248829909,0.0464034918225,0.0959122258052,0.230606055594,0.107436699397
0.0679124861375,0.226445399932,0.00685207695519,0.259137198339,0.0385136533479,0.055903209357,0.23937920963,0.105856766301
0.109990980515,0.167370411159,0.0165862267516,0.225163099591,0.0636767380714,0.0881551012676,0.193587406193,0.13547003645
0.0923901273052,0.191156866915,0.0377742412316,0.144371126648,0.116049285236,0.281864636036,0.0631377767096,0.073255939919
0.102245914459,0.249477430034,0.000364009252609,0.0991275329443,0.095133494533,0.0702913070534,0.174595402688,0.208764909036
0.105923042028,0.151410645858,0.0246562615726,0.218342621884,0.0921290002316,0.0942226372262,0.17697570568,0.136340085519
0.0715700935284,0.0553593936054,0.00562881955937,0.5072277905,0.00975278909989,0.0199665139485,0.246792753812,0.0837018459466
0.105877439251,0.145108906417,0.00244847001538,0.285105426242,0.0513033265486,0.0513370664194,0.220585557808,0.138233807299
0.085519864437,0.161539631022,0.00190095938834,0.183539149202,0.0465922592772,0.078483169321,0.233897462641,0.208527504712
0.231493464648,0.176994255645,0.0324082989782,0.16584920307,0.0778261184306,0.082158406049,0.12466932771,0.108600925469
0.0681351575464,0.216940995692,0.00651567431682,0.250477526044,0.0379832047261,0.0789515912358,0.2001636449,0.140832205538
0.146695118426,0.0568063952425,0.00344510460915,0.375589804886,0.0214634978858,0.0232944725156,0.295663855193,0.0770417512411
0.0760114394861,0.178190947824,0.00687316790403,0.283101053241,0.0343309199896,0.0453693407181,0.255798785536,0.120324345301
0.143882079355,0.112862868661,0.0153434321297,0.21003620863,0.0176322580598,0.136753124941,0.25254852193,0.110941506295
0.0955560627835,0.164489171901,0.000304453813254,0.196477229829,0.0366617841083,0.0739057350771,0.245461918017,0.18714364447
0.0784349450578,0.118279847651,0.0403287243915,0.232454267981,0.0679570049221,0.126484035397,0.192266259308,0.143794915291
0.0881466650306,0.0917660087064,0.00215714926337,0.381131988559,0.0158973687873,0.0437919803706,0.25360967176,0.123499167523
0.0769022991485,0.263555873523,0.000456060715478,0.134920867348,0.109343365742,0.106906181043,0.148714837164,0.159200515317
0.13669817274,0.109416785517,0.00194051934613,0.187517058218,0.0516811298652,0.142775848899,0.200706906578,0.169263578837
0.0871264113988,0.103112151905,0.0141938239184,0.193793420413,0.0749179583814,0.158565695319,0.16291937664,0.205371162024
0.0622143258959,0.265071708417,0.278845257984,0.150596346883,0.148656840699,0.0368045286024,0.0245072601208,0.0333037313978
0.150973258422,0.192333309844,0.00622357283284,0.139464820471,0.0662260956123,0.205174720837,0.124868561573,0.114735660407
0.100037735085,0.215153112261,0.000997533651099,0.0896676779693,0.0723196663678,0.269064657046,0.127681663708,0.125077953912
0.11650313196,0.216114807437,0.0,0.139838408172,0.0815012585351,0.109943689802,0.183665719748,0.152432984346
0.067850031654,0.323275109715,0.00473544145344,0.233457529711,0.0553145642664,0.0628113635792,0.171960586842,0.0805953727788
0.0629811681471,0.335233738177,0.000921388521836,0.136325238068,0.0611719631867,0.0823972662549,0.183340491985,0.13762874566
0.0691684217528,0.317730056384,0.000491221781129,0.099151760507,0.0819749243804,0.0983946013369,0.157074226185,0.176014787673
0.0635170532862,0.109144289196,0.00919693327368,0.177155248707,0.0604193871349,0.229644614181,0.178593558398,0.172328915824
0.0778762161098,0.0774198736629,0.00191636869988,0.431963782882,0.0154884033719,0.0335356253209,0.226016807374,0.135782922578
0.240298843827,0.0776426036943,0.000880316637387,0.192076512749,0.030128425578,0.0831506042677,0.219402028881,0.156420664366
0.0790822288556,0.154429122288,0.00699387067429,0.271776095844,0.109994377669,0.0584825988854,0.189541469528,0.129700236256
0.0874163802927,0.218651444477,0.000255843560566,0.114357550622,0.137628982279,0.130341366973,0.156900089454,0.154448342342
0.208922402295,0.199890499345,0.127095639083,0.176515735325,0.034151519537,0.0581506077643,0.0880139441214,0.107259652528
0.144414666981,0.0938552096884,0.00280723557004,0.301785313089,0.0250271053305,0.0729083690641,0.223905408713,0.135296691564
0.0794217651888,0.206311227622,0.0013299875119,0.136641275803,0.0880532668005,0.166030590122,0.162637016275,0.159574870676
0.0746552064058,0.24119391023,0.000461864207784,0.156573199258,0.0489450399174,0.0572396087461,0.238047040314,0.18288413092
0.222067996034,0.266440636719,0.00394069770807,0.0829287023339,0.024972497839,0.195121067821,0.064682941525,0.13984546002
0.204141575554,0.146406246068,0.0152419914022,0.164173677265,0.0525977826812,0.123479590073,0.189752339391,0.104206797565
0.187448857207,0.120788327725,0.00012854982204,0.0810445151908,0.0713397450877,0.291634598596,0.0544342866644,0.193181119708
0.0789388445796,0.227898084486,0.000457194309912,0.170009793017,0.0483162049556,0.062190478088,0.231987706721,0.180201693843
0.164106444644,0.0671624635385,0.00185030427373,0.212429046491,0.0119057650578,0.0228464230628,0.448983437529,0.0707161154037
0.0908343350662,0.171823111042,0.00303174638017,0.153193060646,0.0664038180571,0.210469276681,0.163970461141,0.140274190986
0.0823396199834,0.180828429444,0.000506995608721,0.181783567983,0.0667080136122,0.0596998019697,0.23808130076,0.190052270639
0.0806174850249,0.116419626995,0.34007535638,0.18271414777,0.123663926032,0.0453374342268,0.0645239682775,0.0466480552941
0.283291414034,0.132700961339,0.00310370192317,0.0595119093939,0.103159559106,0.221864138674,0.046807044343,0.149561271188
0.0908172491218,0.102892718018,0.000956964900535,0.317407879244,0.0275569555548,0.0344226095697,0.305445119675,0.120500503916
0.11145992316,0.221994408093,4.30734979393e-05,0.150288878225,0.0610410105366,0.0798997824955,0.184843438353,0.190429485638
0.1660290506,0.0654971046379,0.000504373723491,0.0715459785645,0.0208067558434,0.471170982142,0.0326771050102,0.171768649479
0.113855942276,0.104980590641,0.00501820892111,0.184964777495,0.100378790619,0.152790672739,0.183894624672,0.154116392638
0.189993408488,0.0718554641143,0.00017208761615,0.167051143398,0.0434788924716,0.209026218137,0.137480320749,0.180942465026
0.138612309828,0.14847666744,0.0993708158824,0.199634731836,0.07385857496,0.0854585066089,0.157548090952,0.097040302492
0.11154317412,0.108390487629,0.00133472618438,0.318231468713,0.0185752806196,0.0451659721409,0.198519619638,0.198239270954
0.141973112185,0.113463666814,0.000298550393413,0.329046219236,0.0339264319792,0.0213172910788,0.260044262292,0.0999304660205
0.308141564985,0.136330435677,0.0445310478893,0.122988869589,0.0799476989111,0.0806029398676,0.141349594959,0.0861078481222
0.0660407136988,0.32202449945,0.000927640832326,0.131042729866,0.0475936797618,0.0731881085483,0.176698375501,0.182484252342
0.191253733425,0.0551983256907,0.000368021258363,0.176456334783,0.0199314838799,0.0860510218075,0.131642412241,0.339098666915
0.278106129652,0.158440491576,0.0183245126806,0.131454705125,0.0333572055592,0.141877781819,0.0796877784613,0.158751395127
0.134335418512,0.13052259172,5.10214635173e-05,0.137865089889,0.0269921578932,0.0973693679538,0.158224717342,0.314639635226
0.140302686246,0.104311126417,0.0034079622508,0.183176656754,0.16467281862,0.103432723579,0.153323788716,0.147372237418
0.172832597813,0.0260829600343,0.00137310616146,0.0629048933003,0.689617367976,0.0188273112398,0.0239626145129,0.0043991489625
0.0894524315605,0.112808388231,0.00975604035836,0.309474793882,0.0382131385898,0.0479731960015,0.274428638689,0.117893372688
0.164928145287,0.135790008614,0.0640061305028,0.149339034116,0.108584973851,0.132493125739,0.121980433748,0.122878148141
0.312319743646,0.0350543005486,8.4461560005e-05,0.375514777046,0.00338507351512,0.016292106679,0.105535830789,0.151813706216
0.0873808346088,0.227833654871,0.0176620989924,0.266495921948,0.0702005951749,0.0446779830265,0.184537997818,0.101210913561
0.082017163546,0.285029806185,0.00122288740186,0.162695524597,0.0748066828401,0.0660518609582,0.190542716732,0.13763335774
0.242139021994,0.10386775701,0.000239066101728,0.249936952188,0.04690879782,0.0226129411485,0.192407982189,0.14188748155
0.0706866735281,0.101447029892,0.00794978609078,0.328357517798,0.030347519239,0.0436549046762,0.292088301816,0.12546826696
0.0665023928754,0.197503466705,0.00277199301205,0.196349673411,0.0647445476223,0.061222015005,0.241992436667,0.168913474703
0.160278256608,0.0579631097032,0.00489972638952,0.35596880627,0.0172422600527,0.0419848008621,0.25494455293,0.106718487183
0.165642597581,0.173195544783,0.000114014991059,0.11446403166,0.0531657873448,0.164770406276,0.0474409329938,0.28120668437
0.123478159323,0.165036852673,0.00044195401741,0.213785600866,0.0277858736937,0.0483913788791,0.236141054261,0.184939126287
0.14693313717,0.0582204406428,0.000470019772244,0.200193832523,0.0286971112829,0.0826668857427,0.121276564353,0.361542008512
0.112969600467,0.150388642774,0.00617143493308,0.208245233799,0.0271765918768,0.132626802958,0.234430912353,0.127990780839
0.109206618568,0.233831691494,8.12524694164e-05,0.111498071462,0.0988702599287,0.0750900896008,0.1750320728,0.196389943677
0.0519396592872,0.0622574422453,0.661548475181,0.0852116638432,0.0859948069343,0.00901632396707,0.0272314155857,0.0168002129562
0.0895691883837,0.302340444698,3.01846198738e-05,0.0442596950611,0.246150470213,0.125422145246,0.0950860607205,0.0971418110569
0.143286798139,0.116189322379,0.000132764092971,0.320678683491,0.0331311003074,0.03439117731,0.265532941804,0.0866572124756
0.0545892345238,0.152203410341,0.0162935817138,0.316286058399,0.0396676591848,0.0551911394204,0.280600220862,0.0851686955547
0.377498442728,0.059709301413,0.0,0.229344284347,0.0345347684097,0.00841537007671,0.123296751073,0.167201081953
0.106347767392,0.116497066559,0.00692957825558,0.33357625749,0.0371778616485,0.0312411633597,0.254700219321,0.113530085975
0.0842840655221,0.131122536389,0.00176989287013,0.218008209869,0.0516277764009,0.0940689623407,0.251477923393,0.167640633216
0.221591933388,0.114089759111,0.00147751972324,0.24105979863,0.0214983776239,0.0370550905424,0.26921364078,0.0940138802017
0.208910976583,0.0903867861594,0.00339087388454,0.149429929596,0.0522597668313,0.189499442835,0.156635014732,0.149487209379
0.0782303154277,0.138513911754,0.0334549850896,0.27306568291,0.0236133334895,0.1635854666,0.190207704964,0.0993285997651
0.36116157513,0.140519296073,0.00230727831337,0.137426505066,0.0386289118264,0.131986249333,0.0911508036217,0.0968193806366
0.104690906928,0.221819804724,0.000630528303899,0.328088522247,0.015290768416,0.014227156488,0.143986933757,0.171265379136
0.0615483612791,0.207941555354,0.00177358532512,0.177742168866,0.0921911244499,0.125304699762,0.188479887428,0.145018617535
0.110909244563,0.103167357499,0.000568815113282,0.209524890325,0.0214196083578,0.0587406587269,0.236627323244,0.25904210217
0.0625896354198,0.302856664234,0.000472998813723,0.138924394736,0.0720167613506,0.0983965340323,0.158135606787,0.166607404627
